79110666066
79827809122
79119615345
79106519765
79178574124
79181229030
79536747010
79184511538
79889203058
79133493336
79103455776
79858979243
79119883434
79133362500
79182933976
79171846071
79128711729
79189285238
79190586982
79163040747
79197774502
79884405837
79147687235
79116316924
79171689057
79850587110
79827639809
79869080603
79167221605
79877965751
79101093319
79103990902
79080359135
79876170174
79264776683
79106142251
79606110003
79867874785
79102666869
79802194190
79867460091
79142604394
79178046161
79896260722
79195971397
79870388837
79196821910
79159317386
79521343328
79530043855
79145753306
79143890014
79101649097
79827250730
79182420242
79825748137
79147524514
79870289178
79874849334
79128208863
79826589466
79132074096
79827060375
79898642464
79824207888
79870241136
79823233942
79186338736
79054749794
79141551970
79881290049
79855703500
79628519751
79186337826
79117844879
79142679334
79603476168
79130565503
79173880746
79871960242
79193713418
79185506464
79803467640
79161112795
79813525020
79114663753
79141859075
79153201306
79118080978
79174140422
79833268471
79187545300
79143877414
79131828058
79889219253
79824670904
79876325217
79276521208
79183374034
79191399869
79185600214
79145064807
79147015950
79887344142
79887450149